138
138
138
138
138.652978801029
141.263143767288
145.749669362731
151.899858445817
159.422142940072
166.188442752846
184.982295168564
203.776147584282
222.570000000000
229.340000000000
236.862284494255
243.012473577340
247.498999172784
250.109164139043
250.760000000000
250.760000000000
250.760000000000
250.760000000000
250.760000000000
250.760000000000
250.760000000000
234.093333333333
217.426666666667
200.760000000000
188.373233683126
176.349791615436
165.068450050322
154.871986842606
146.070216367195
138.930575966075
133.663450050322
127.119114546530
117.928055142183
106.491965236846
93.3106568358303
78.9602163671955
66.5600000000000
45.1314285714286
23.7028571428571
2.27428571428571
-19.1542857142857
-40.5828571428571
-62.0114285714286
-83.4400000000000